1 4 9888
1 146 8595
1 155 5682
1 226 6238
1 336 8610
1 479 8981
1 483 6049
2 11 6281
2 16 2335
2 76 6513
2 127 9348
2 182 9703
2 264 3301
2 325 8327
2 387 9340
3 55 9802
3 115 9897
3 266 9443
3 284 9613
3 355 4212
4 1 9888
4 79 7728
4 88 2443
4 103 2376
4 245 5842
4 292 8340
4 329 5090
4 383 9016
4 465 3593
5 28 9654
5 235 9623
5 302 3139
5 364 3469
5 382 5478
6 169 8513
6 194 1763
6 450 9759
6 490 6851
7 141 8089
7 178 8012
7 253 9049
7 285 5753
7 328 6407
7 341 4588
7 364 8865
7 437 8307
8 127 9364
8 166 9670
8 276 2507
9 259 840
9 276 517
9 379 524
10 16 7194
10 17 4470
10 70 4654
10 90 3780
10 191 5714
10 359 1320
10 444 5278
11 2 6281
11 318 9040
11 365 9316
11 388 9155
11 462 8661
12 28 6301
12 134 8033
12 135 3142
12 164 5645
12 231 3048
12 302 9337
12 336 8328
12 409 6042
13 120 3065
13 134 9573
13 138 9390
13 203 7856
13 237 8477
13 272 749
13 307 9468
13 408 7515
13 424 9121
14 148 3930
14 214 4107
14 240 6246
14 246 3414
14 282 2619
14 297 8968
14 312 9732
14 433 6452
15 102 6858
15 151 3133
15 170 5186
15 181 9668
15 197 8901
15 199 1019
15 201 5032
15 302 3455
15 342 8490
15 360 7268
15 497 7831
16 2 2335
16 10 7194
16 24 5914
16 94 6699
16 146 7174
16 147 7140
16 257 5025
16 262 9100
16 280 2479
16 314 7189
16 329 3697
16 458 5936
16 462 9218
17 10 4470
17 48 7297
17 90 3468
17 187 9031
17 271 8153
17 326 3159
17 355 7925
17 461 4456
17 469 2964
18 50 5644
18 127 8821
18 224 3395
18 242 7869
18 323 6309
18 492 5997
19 44 6835
19 119 9729
19 259 6920
19 365 5689
19 412 9117
19 460 6652
20 22 7861
20 69 7443
20 109 2209
20 176 9936
20 247 5538
20 293 9882
20 322 9949
20 390 6806
20 393 2471
20 450 7703
20 461 5379
20 490 9775
21 47 7269
21 56 4836
21 97 9876
21 138 8447
21 308 6631
21 364 3457
21 409 4280
22 20 7861
22 284 7576
22 373 7059
22 463 8837
23 138 4898
23 166 2729
23 413 9772
23 427 5935
24 16 5914
24 98 9913
24 106 9502
24 219 7071
24 437 9668
24 465 8452
25 105 7326
25 178 6224
25 195 4262
25 289 2645
25 295 5823
25 420 5882
26 38 9453
26 60 5950
26 101 9084
26 284 9619
26 421 6072
26 462 8738
27 35 5898
27 239 8756
27 282 1155
27 316 3436
27 470 7206
28 5 9654
28 12 6301
28 33 7883
28 44 9421
28 122 3053
28 199 1021
28 255 9503
29 96 7751
29 268 9079
29 305 3059
29 409 1923
29 417 4978
29 422 3297
29 457 7817
30 199 7521
30 231 9174
30 243 6677
30 283 5877
30 287 688
30 415 9860
30 424 3181
30 439 4312
31 33 2982
31 109 2865
31 238 8914
31 311 7429
31 450 4305
31 458 4305
31 493 3033
32 58 5091
32 96 4772
32 126 8431
32 179 7381
32 210 6630
33 28 7883
33 31 2982
33 141 9819
34 78 6919
34 180 9878
34 216 9315
34 318 6269
34 377 7781
34 407 8229
35 27 5898
35 43 8808
35 79 4142
35 167 9469
35 169 7928
35 215 9886
35 223 7997
35 280 9274
35 363 4533
35 473 6292
35 486 6610
35 490 7908
35 499 5220
36 69 6764
36 181 6218
36 210 7565
36 250 7090
36 276 8881
37 39 9151
37 116 9574
37 128 4060
37 218 9082
37 332 9759
37 339 4914
37 353 2809
38 26 9453
38 243 1047
38 410 2424
38 465 7759
38 499 3651
39 37 9151
39 46 6950
39 106 9182
39 150 6508
39 210 9372
39 224 5979
39 319 7775
40 81 9943
40 260 3701
40 344 2340
40 448 7477
41 150 3666
41 178 2073
41 225 5371
41 227 667
41 281 5242
41 401 8350
41 429 9696
41 473 7676
42 52 9296
42 271 8280
42 353 8716
42 378 2952
43 35 8808
43 125 1484
43 215 2441
43 249 5702
43 312 6517
43 319 4692
43 368 7857
43 387 8328
43 390 8946
43 456 1705
44 19 6835
44 28 9421
44 185 5242
44 476 5320
45 163 6378
45 258 6665
45 275 8759
45 295 8645
45 346 6320
45 358 8609
45 363 8322
45 430 7985
45 464 7123
45 494 7874
46 39 6950
46 92 7323
46 126 8406
46 148 9329
46 167 9270
46 253 5666
46 350 5866
46 489 2182
47 21 7269
47 66 2244
47 276 9082
47 300 2699
47 306 3033
47 337 9080
47 414 7258
47 461 5108
48 17 7297
48 280 9684
48 315 3813
48 343 7707
48 366 7202
48 484 4965
49 52 6557
49 206 9164
49 253 6591
49 284 6605
49 461 7363
50 18 5644
50 396 4626
50 416 7298
50 489 8567
51 99 6278
51 122 7928
51 149 6802
51 202 4277
51 220 5460
51 381 8696
51 444 4101
51 485 3627
52 42 9296
52 49 6557
52 91 7982
52 95 9231
52 96 5848
52 118 9670
52 136 7907
52 158 4627
52 304 6882
52 313 3850
52 336 9848
52 500 2263
53 194 2763
53 272 3121
53 288 9477
53 296 3075
53 323 6750
53 344 4222
54 236 7448
54 256 9964
54 314 6138
54 461 6533
55 3 9802
55 318 6169
56 21 4836
56 146 9809
56 166 3319
56 176 6832
56 194 9404
56 244 9953
56 250 9965
56 295 6923
56 381 4745
56 402 4682
57 72 7531
57 297 8690
57 304 8666
57 347 7360
58 32 5091
58 101 5297
58 146 3906
58 342 5348
58 429 9851
59 131 5818
59 165 6919
59 201 6025
59 239 9457
59 431 8222
59 444 9103
60 26 5950
60 153 9126
60 243 8967
60 288 7002
60 479 9870
61 130 8299
61 152 4499
61 195 7203
61 221 4313
61 240 5694
61 256 3253
61 447 6948
62 112 5605
62 245 5426
62 285 9541
62 296 7109
62 405 3965
62 427 3400
63 127 7324
63 183 9623
63 263 7900
63 414 9804
63 495 4861
64 95 8399
64 205 1866
64 449 5500
65 72 7345
65 121 1392
65 176 1799
65 226 7510
65 246 6036
65 275 6924
66 47 2244
66 195 7231
66 340 2822
67 239 4650
67 248 1700
67 278 8881
67 333 5536
67 415 9892
68 106 7360
68 109 7792
68 159 2004
68 251 8653
68 495 7581
69 20 7443
69 36 6764
69 105 8108
69 263 8640
69 284 3597
69 427 5337
69 482 6656
70 10 4654
70 118 4810
70 192 8324
70 195 5473
70 321 2183
70 330 8763
70 446 6506
70 460 4543
71 112 3938
71 113 2865
71 475 7395
71 478 9992
72 57 7531
72 65 7345
72 151 7547
72 220 9292
72 250 8551
72 343 7100
72 399 8020
72 409 8888
72 440 9775
72 480 7811
73 86 5491
73 107 7697
73 249 6634
73 251 8832
74 288 3633
74 374 8228
74 422 2347
75 96 8141
75 120 9316
75 168 8465
75 292 7146
75 495 7600
76 2 6513
76 182 7047
76 184 2378
76 187 2571
76 194 8488
76 478 5916
77 174 9029
77 203 2467
77 214 3075
77 384 7913
78 34 6919
78 153 8678
78 201 5581
78 302 8295
78 435 2357
78 479 4030
79 4 7728
79 35 4142
79 122 9308
79 129 6323
79 147 6326
79 173 3033
79 187 1954
79 424 9452
80 145 5790
80 205 9455
80 251 9466
80 330 2940
80 444 7236
81 40 9943
81 105 8952
81 176 6285
81 202 6615
81 227 6433
81 296 5592
81 477 3723
81 497 8498
82 119 9953
82 413 6887
82 449 7946
82 479 8785
83 124 4251
83 280 9984
83 400 7349
83 431 5136
84 145 5629
84 170 3679
84 209 7207
84 216 9758
84 428 6501
84 436 7974
84 452 9866
85 104 7019
85 154 8080
85 165 7313
85 234 5245
85 240 9244
85 306 8887
85 436 2213
86 73 5491
86 92 5094
86 409 8338
86 489 6357
87 95 9997
87 115 4316
87 128 5636
87 235 4538
87 251 8334
87 309 7753
87 479 7405
87 498 7838
88 4 2443
88 335 5965
88 379 8364
89 357 2670
89 499 8321
90 10 3780
90 17 3468
90 165 9819
90 167 1624
90 229 3461
90 373 3462
90 409 9904
91 52 7982
91 98 8428
91 191 8538
91 261 8053
91 345 5785
92 46 7323
92 86 5094
92 101 4416
92 109 7238
92 117 4514
92 227 7277
92 360 9999
92 420 9529
92 426 4306
92 465 2277
93 144 9459
93 249 4013
93 348 3162
93 353 7198
93 371 5065
93 395 7811
93 401 5597
94 16 6699
94 123 4654
94 178 6280
94 293 8688
94 310 8007
94 317 6303
94 341 3413
94 429 9572
94 458 8241
94 490 8993
95 52 9231
95 64 8399
95 87 9997
95 96 7620
95 169 4706
95 178 7571
95 339 5957
95 472 8114
95 481 9064
95 490 9371
96 29 7751
96 32 4772
96 52 5848
96 75 8141
96 95 7620
96 150 5299
96 330 5792
96 373 8998
96 414 8000
96 447 9804
97 21 9876
97 268 8572
97 281 7045
97 302 9805
97 335 5656
97 362 9711
98 24 9913
98 91 8428
98 126 4394
98 356 9393
98 411 5346
99 51 6278
99 127 6014
99 212 1030
99 245 3700
99 372 3890
100 126 9393
100 146 6561
100 231 6300
100 384 8697
100 386 7920
100 423 5095
100 479 3399
101 26 9084
101 58 5297
101 92 4416
101 139 4382
101 288 5744
101 470 7108
102 15 6858
102 172 412
102 219 7456
102 356 5997
102 382 3328
103 4 2376
103 134 6824
103 162 5141
103 180 9515
103 315 4930
103 459 9263
104 85 7019
104 156 4446
104 166 8861
104 179 9074
104 340 5613
104 404 4360
104 419 1627
104 474 4782
105 25 7326
105 69 8108
105 81 8952
105 186 8707
105 244 7299
105 293 8904
105 380 8023
105 410 6420
105 434 5718
106 24 9502
106 39 9182
106 68 7360
106 323 7008
106 402 6963
106 451 6553
106 466 3388
107 73 7697
107 133 4712
107 149 9482
107 162 5767
107 191 9736
107 236 6186
107 260 5309
107 281 9757
107 305 2954
107 371 4231
107 413 5480
107 436 4489
107 500 1974
108 209 7755
108 236 5604
108 290 6212
108 375 9875
108 404 1987
108 475 5064
108 488 9712
109 20 2209
109 31 2865
109 68 7792
109 92 7238
109 146 2028
109 162 9356
109 189 5749
109 197 9150
109 216 4252
109 478 6239
110 192 9602
110 205 6673
110 271 7987
110 295 4546
110 352 4068
110 400 8924
110 446 8553
111 133 9334
111 137 9325
111 273 1848
111 336 6532
111 341 7486
111 372 6662
111 454 7378
112 62 5605
112 71 3938
112 171 4235
112 196 3887
112 276 9636
112 309 7495
112 373 1463
112 495 9735
113 71 2865
113 126 4353
113 278 3419
113 305 6604
113 314 8637
113 319 9155
113 341 6578
114 160 9891
114 161 4799
114 238 1975
114 255 9398
114 414 6229
115 3 9897
115 87 4316
115 125 6724
115 131 9284
115 310 4766
115 324 5648
115 380 9490
115 386 8365
115 399 4141
115 474 2464
116 37 9574
116 130 7342
116 239 9309
116 263 5885
116 375 9250
116 441 7982
116 447 7635
117 92 4514
117 140 3574
117 422 9900
118 52 9670
118 70 4810
118 171 6102
118 176 7794
118 196 7885
118 232 4629
118 255 7351
118 312 2509
118 404 6491
118 426 9434
119 19 9729
119 82 9953
119 185 8306
119 213 7111
119 268 8743
119 348 6903
119 428 9852
119 478 8533
120 13 3065
120 75 9316
120 229 4410
120 488 3832
121 65 1392
121 273 4767
121 415 6810
121 444 9093
121 492 9950
122 28 3053
122 51 7928
122 79 9308
122 185 7541
122 277 8097
122 290 9264
122 343 9396
123 94 4654
123 361 8154
123 369 5789
124 83 4251
124 196 6947
124 437 1591
125 43 1484
125 115 6724
126 32 8431
126 46 8406
126 98 4394
126 100 9393
126 113 4353
126 189 6845
126 213 4669
127 2 9348
127 8 9364
127 18 8821
127 63 7324
127 99 6014
127 131 8947
127 267 7296
127 298 5705
128 37 4060
128 87 5636
128 152 9508
128 259 9043
128 369 9116
128 391 6123
129 79 6323
129 133 8824
129 167 4309
129 199 6541
129 324 7300
129 340 9177
129 362 6348
129 451 8427
129 497 7074
130 61 8299
130 116 7342
130 163 9326
130 232 6570
130 238 4649
130 398 3122
130 426 8446
130 463 8790
130 499 9055
131 59 5818
131 115 9284
131 127 8947
131 133 9182
131 236 8919
131 352 1569
131 420 1134
131 445 9921
131 474 4960
132 171 1696
132 324 8830
132 353 6410
132 420 5245
133 107 4712
133 111 9334
133 129 8824
133 131 9182
133 309 9261
133 367 2890
133 379 3421
133 443 8628
133 456 9515
134 12 8033
134 13 9573
134 103 6824
134 197 1397
134 200 5393
134 249 6082
134 319 4734
134 408 6718
135 12 3142
135 143 8726
135 278 2329
135 423 9566
135 445 3412
136 52 7907
136 225 1627
136 239 8568
136 303 5814
136 338 7209
136 344 1979
136 394 8245
136 489 2134
137 111 9325
137 244 7647
137 368 7230
137 396 3563
137 403 6962
138 13 9390
138 21 8447
138 23 4898
138 178 9529
138 318 9954
138 423 4706
138 449 7995
139 101 4382
139 149 3861
139 235 4816
139 383 8597
139 440 4030
139 451 2179
139 469 6660
140 117 3574
140 243 7866
140 275 4188
140 290 3411
140 301 8037
140 461 4249
141 7 8089
141 33 9819
141 268 9851
141 435 6370
141 465 9478
142 160 9582
142 169 8207
142 376 4927
142 411 6886
142 431 7516
142 438 8288
143 135 8726
143 155 6439
143 178 7038
143 284 3923
143 291 8358
143 481 6814
144 93 9459
144 158 5625
144 324 8042
144 356 4803
144 358 4671
144 376 9427
144 445 726
145 80 5790
145 84 5629
145 171 1508
145 173 8784
145 214 5144
145 292 6838
145 320 3293
145 324 9744
145 358 6300
145 404 940
146 1 8595
146 16 7174
146 56 9809
146 58 3906
146 100 6561
146 109 2028
146 199 2089
146 224 5072
146 266 4434
146 272 7068
146 393 2961
146 425 8192
146 433 4077
147 16 7140
147 79 6326
147 237 4380
147 258 7074
147 408 7263
147 421 2399
148 14 3930
148 46 9329
148 259 7098
148 351 3052
148 392 9015
149 51 6802
149 107 9482
149 139 3861
149 168 7714
149 174 7014
149 432 4090
150 39 6508
150 41 3666
150 96 5299
150 252 8721
150 432 6058
150 457 9070
150 489 8861
151 15 3133
151 72 7547
151 162 4692
151 309 9197
151 352 9588
151 419 7341
151 458 6431
152 61 4499
152 128 9508
152 206 9684
152 314 5448
152 350 7953
152 362 6486
153 60 9126
153 78 8678
153 224 6466
154 85 8080
154 290 9626
154 385 5072
154 458 9619
155 1 5682
155 143 6439
155 305 9189
155 359 9641
156 104 4446
156 172 6097
156 252 6456
156 353 6534
157 296 7289
158 52 4627
158 144 5625
158 326 3969
158 392 9340
158 440 4770
158 451 7881
159 68 2004
159 204 8862
159 229 9502
159 268 6690
159 275 9814
159 284 3909
159 335 5827
159 356 6464
159 386 7164
159 394 9204
159 395 3165
159 480 4659
160 114 9891
160 142 9582
160 209 3529
160 249 3095
160 330 6035
160 379 7009
160 386 6403
160 441 2799
161 114 4799
161 195 5290
161 300 6476
162 103 5141
162 107 5767
162 109 9356
162 151 4692
162 217 8383
162 254 5925
162 396 3904
162 476 1740
163 45 6378
163 130 9326
163 256 5989
163 304 9834
163 318 4102
164 12 5645
164 300 5414
164 336 7833
164 361 5714
164 381 9721
164 403 7932
164 435 7677
164 483 5529
165 59 6919
165 85 7313
165 90 9819
165 190 6141
165 253 8495
165 465 8227
165 475 9521
165 479 3276
166 8 9670
166 23 2729
166 56 3319
166 104 8861
166 267 4050
166 296 4407
166 345 7882
167 35 9469
167 46 9270
167 90 1624
167 129 4309
167 260 8947
167 261 5493
167 377 1452
167 483 379
168 75 8465
168 149 7714
168 336 4518
168 398 4665
169 6 8513
169 35 7928
169 95 4706
169 142 8207
169 175 1680
170 15 5186
170 84 3679
170 177 8383
170 342 9980
170 454 5053
170 491 7767
171 112 4235
171 118 6102
171 132 1696
171 145 1508
171 206 9691
171 220 3855
171 270 4099
171 296 8858
171 307 2057
171 453 6998
172 102 412
172 156 6097
172 198 7528
172 302 7576
172 323 8964
172 368 6581
172 383 8007
172 435 6414
172 460 7619
173 79 3033
173 145 8784
173 256 7073
173 259 8393
173 283 7736
173 429 1370
173 441 8858
174 77 9029
174 149 7014
174 270 5699
174 371 7532
174 394 6956
175 169 1680
175 292 9871
175 324 9238
175 391 5651
176 20 9936
176 56 6832
176 65 1799
176 81 6285
176 118 7794
176 190 7312
176 262 7746
176 301 3289
176 309 8004
176 338 7035
176 366 3681
176 423 3591
177 170 8383
177 220 9354
177 287 7433
177 457 7890
178 7 8012
178 25 6224
178 41 2073
178 94 6280
178 95 7571
178 138 9529
178 143 7038
178 406 6501
178 427 9921
178 463 8326
179 32 7381
179 104 9074
179 189 9382
179 210 7677
179 265 7609
179 415 3546
180 34 9878
180 103 9515
180 253 2005
180 356 8984
181 15 9668
181 36 6218
181 197 9047
181 203 7117
181 222 9907
181 233 3077
181 294 5767
181 318 7450
181 384 6622
182 2 9703
182 76 7047
182 202 9545
182 289 6967
182 355 9989
182 428 9495
183 63 9623
183 227 7690
183 430 9107
184 76 2378
184 240 9536
184 370 8970
185 44 5242
185 119 8306
185 122 7541
185 190 7386
185 330 5450
185 356 9232
185 371 3352
185 485 2960
186 105 8707
186 248 8965
186 256 9384
187 17 9031
187 76 2571
187 79 1954
187 249 8649
187 250 8336
187 383 4449
187 408 9868
187 426 7431
187 487 8388
188 281 4389
188 414 1417
188 439 1373
188 465 8186
189 109 5749
189 126 6845
189 179 9382
189 191 2597
189 217 2160
189 309 5792
189 419 4500
189 491 9023
190 165 6141
190 176 7312
190 185 7386
190 333 7319
190 336 2871
190 390 6356
190 499 7936
191 10 5714
191 91 8538
191 107 9736
191 189 2597
191 271 8471
191 373 5252
191 401 9819
191 450 4290
192 70 8324
192 110 9602
192 259 8075
192 268 7309
193 218 6763
193 379 8641
193 470 9473
194 6 1763
194 53 2763
194 56 9404
194 76 8488
194 274 8330
194 330 9789
194 451 6407
194 490 3894
195 25 4262
195 61 7203
195 66 7231
195 70 5473
195 161 5290
195 316 7836
195 412 7380
195 418 7104
196 112 3887
196 118 7885
196 124 6947
196 394 8840
196 418 9033
196 484 6239
197 15 8901
197 109 9150
197 134 1397
197 181 9047
197 305 9249
197 382 3755
197 483 6420
198 172 7528
198 301 3027
198 313 3890
198 363 8224
198 440 8011
198 447 3512
198 488 8001
198 493 7303
199 15 1019
199 28 1021
199 30 7521
199 129 6541
199 146 2089
199 386 9756
199 405 3811
199 456 9366
200 134 5393
200 346 4717
200 351 4740
200 455 1497
201 15 5032
201 59 6025
201 78 5581
201 385 3721
201 410 9365
201 447 9136
201 448 4981
201 451 8119
202 51 4277
202 81 6615
202 182 9545
202 230 6403
202 283 8570
202 298 8218
202 363 8075
202 485 7622
203 13 7856
203 77 2467
203 181 7117
203 211 7952
203 403 5876
204 159 8862
204 256 8427
204 424 9157
204 454 7446
205 64 1866
205 80 9455
205 110 6673
205 206 9260
205 224 921
205 263 9094
205 266 7208
205 419 1897
206 49 9164
206 152 9684
206 171 9691
206 205 9260
206 361 1315
207 216 7078
208 368 7879
208 467 9792
209 84 7207
209 108 7755
209 160 3529
209 314 5210
209 395 8814
209 488 9857
210 32 6630
210 36 7565
210 39 9372
210 179 7677
211 203 7952
211 239 6077
211 247 4415
212 99 1030
212 271 9862
212 317 6796
212 368 4260
213 119 7111
213 126 4669
213 389 6358
214 14 4107
214 77 3075
214 145 5144
214 268 7305
214 370 5201
214 498 7499
215 35 9886
215 43 2441
215 495 7180
216 34 9315
216 84 9758
216 109 4252
216 207 7078
216 272 7619
216 273 3571
216 333 9406
216 420 1962
217 162 8383
217 189 2160
217 460 9777
217 470 5862
218 37 9082
218 193 6763
218 234 4784
218 235 7430
218 453 7755
219 24 7071
219 102 7456
219 242 7053
219 312 5973
219 453 3694
219 469 8143
219 493 9172
220 51 5460
220 72 9292
220 171 3855
220 177 9354
220 223 9149
220 253 8607
220 327 6353
220 435 2995
221 61 4313
221 297 3224
222 181 9907
222 324 6520
222 358 9722
222 419 3060
222 470 7795
223 35 7997
223 220 9149
223 252 9468
223 484 6639
223 486 6907
224 18 3395
224 39 5979
224 146 5072
224 153 6466
224 205 921
224 332 9559
224 412 6476
224 471 9741
224 474 6234
225 41 5371
225 136 1627
225 287 5083
225 418 7978
225 464 9855
226 1 6238
226 65 7510
226 314 5085
226 349 8204
226 440 6282
226 454 9594
226 489 6513
227 41 667
227 81 6433
227 92 7277
227 183 7690
227 273 6590
227 358 5294
227 372 1985
227 444 1775
228 298 9797
228 373 2458
229 90 3461
229 120 4410
229 159 9502
229 304 7318
229 307 3713
229 458 8212
229 482 8497
230 202 6403
230 314 4392
230 381 2992
230 416 4184
231 12 3048
231 30 9174
231 100 6300
231 456 3284
232 118 4629
232 130 6570
232 367 9965
232 430 6018
232 441 3861
233 181 3077
233 255 8698
233 367 9529
233 437 8779
233 479 5284
234 85 5245
234 218 4784
234 273 3769
234 330 9778
234 386 9498
234 456 2870
234 481 8634
235 5 9623
235 87 4538
235 139 4816
235 218 7430
235 244 3707
235 358 5212
236 54 7448
236 107 6186
236 108 5604
236 131 8919
236 251 9980
236 364 6961
237 13 8477
237 147 4380
237 389 2685
237 414 7198
237 477 6214
238 31 8914
238 114 1975
238 130 4649
239 27 8756
239 59 9457
239 67 4650
239 116 9309
239 136 8568
239 211 6077
239 245 7561
239 334 6600
240 14 6246
240 61 5694
240 85 9244
240 184 9536
241 393 8491
241 401 9842
242 18 7869
242 219 7053
242 301 9127
242 365 3192
242 494 7765
243 30 6677
243 38 1047
243 60 8967
243 140 7866
243 282 7571
243 301 5627
243 330 4097
243 444 6253
243 471 9035
244 56 9953
244 105 7299
244 137 7647
244 235 3707
244 296 9675
244 438 9835
244 475 7590
244 478 3966
245 4 5842
245 62 5426
245 99 3700
245 239 7561
245 268 9061
245 346 2263
245 394 4810
245 453 3955
246 14 3414
246 65 6036
246 291 9519
246 319 6493
246 343 9189
246 431 9140
247 20 5538
247 211 4415
248 67 1700
248 186 8965
248 268 9463
248 373 3717
248 484 2244
249 43 5702
249 73 6634
249 93 4013
249 134 6082
249 160 3095
249 187 8649
249 369 5518
249 430 5770
250 36 7090
250 56 9965
250 72 8551
250 187 8336
250 385 3803
250 452 8175
250 473 9705
251 68 8653
251 73 8832
251 80 9466
251 87 8334
251 236 9980
251 411 7251
251 412 8121
251 415 5172
252 150 8721
252 156 6456
252 223 9468
252 330 8974
252 437 6100
252 441 2697
253 7 9049
253 46 5666
253 49 6591
253 165 8495
253 180 2005
253 220 8607
253 316 7008
253 402 4455
254 162 5925
254 303 9565
254 325 4672
254 344 6624
254 468 8586
255 28 9503
255 114 9398
255 118 7351
255 233 8698
255 363 9992
255 366 1690
255 408 4732
256 54 9964
256 61 3253
256 163 5989
256 173 7073
256 186 9384
256 204 8427
257 16 5025
257 326 6000
257 429 8309
258 45 6665
258 147 7074
258 260 6966
258 280 7921
259 9 840
259 19 6920
259 128 9043
259 148 7098
259 173 8393
259 192 8075
259 267 6741
259 268 4342
259 278 3587
260 40 3701
260 107 5309
260 167 8947
260 258 6966
260 319 9558
260 346 7581
260 348 8637
260 417 6251
260 426 6675
261 91 8053
261 167 5493
262 16 9100
262 176 7746
262 323 6959
262 487 8930
263 63 7900
263 69 8640
263 116 5885
263 205 9094
263 370 7817
263 428 2432
263 461 6084
263 479 1952
264 2 3301
264 301 4408
264 333 9671
264 437 3062
264 444 9093
264 455 2712
265 179 7609
265 338 5755
265 339 2259
265 421 2639
265 464 7748
265 473 9766
265 494 1920
266 3 9443
266 146 4434
266 205 7208
266 377 5046
267 127 7296
267 166 4050
267 259 6741
267 304 6053
267 490 1016
268 29 9079
268 97 8572
268 119 8743
268 141 9851
268 159 6690
268 192 7309
268 214 7305
268 245 9061
268 248 9463
268 259 4342
268 340 8703
268 470 9998
268 480 1851
268 491 9643
269 347 5023
269 433 5963
269 470 9746
269 493 4287
270 171 4099
270 174 5699
270 327 6830
270 487 8466
271 17 8153
271 42 8280
271 110 7987
271 191 8471
271 212 9862
271 337 5275
271 477 7479
272 13 749
272 53 3121
272 146 7068
272 216 7619
272 473 8423
272 479 6252
273 111 1848
273 121 4767
273 216 3571
273 227 6590
273 234 3769
273 332 5593
273 445 5446
274 194 8330
274 413 8781
274 487 9921
275 45 8759
275 65 6924
275 140 4188
275 159 9814
275 372 5554
276 8 2507
276 9 517
276 36 8881
276 47 9082
276 112 9636
276 380 4930
276 435 1565
276 476 4400
276 479 7508
277 122 8097
277 319 9780
277 404 5944
277 441 9802
277 447 7367
277 487 8837
278 67 8881
278 113 3419
278 135 2329
278 259 3587
278 377 1838
278 386 5050
278 457 8581
279 331 3987
279 413 8099
279 428 8899
279 438 7433
279 493 9178
280 16 2479
280 35 9274
280 48 9684
280 83 9984
280 258 7921
280 390 7907
281 41 5242
281 97 7045
281 107 9757
281 188 4389
281 293 4877
281 326 6720
281 388 4648
282 14 2619
282 27 1155
282 243 7571
282 405 2801
283 30 5877
283 173 7736
283 202 8570
284 3 9613
284 22 7576
284 26 9619
284 49 6605
284 69 3597
284 143 3923
284 159 3909
284 440 5365
284 483 9667
285 7 5753
285 62 9541
286 366 4786
286 370 6353
286 378 9270
286 470 5638
287 30 688
287 177 7433
287 225 5083
287 393 2333
287 400 7897
288 53 9477
288 60 7002
288 74 3633
288 101 5744
288 314 7002
288 364 8619
288 383 9366
288 387 6343
288 388 8365
288 466 2164
288 479 893
288 495 9811
289 25 2645
289 182 6967
289 337 8813
289 425 8766
290 108 6212
290 122 9264
290 140 3411
290 154 9626
290 327 6588
290 493 5445
291 143 8358
291 246 9519
291 336 6510
292 4 8340
292 75 7146
292 145 6838
292 175 9871
292 331 6288
292 391 1893
293 20 9882
293 94 8688
293 105 8904
293 281 4877
293 356 3930
293 473 9062
293 482 9573
293 498 8440
294 181 5767
295 25 5823
295 45 8645
295 56 6923
295 110 4546
296 53 3075
296 62 7109
296 81 5592
296 157 7289
296 166 4407
296 171 8858
296 244 9675
296 389 252
296 436 6800
296 456 3411
296 489 9198
297 14 8968
297 57 8690
297 221 3224
297 478 9863
298 127 5705
298 202 8218
298 228 9797
298 451 9598
299 306 4937
299 317 1732
299 351 8361
300 47 2699
300 161 6476
300 164 5414
300 375 9666
300 439 7553
301 140 8037
301 176 3289
301 198 3027
301 242 9127
301 243 5627
301 264 4408
301 341 6187
301 388 9613
301 469 8490
302 5 3139
302 12 9337
302 15 3455
302 78 8295
302 97 9805
302 172 7576
302 315 3696
302 410 9113
303 136 5814
303 254 9565
303 412 9482
303 435 9087
303 460 7367
304 52 6882
304 57 8666
304 163 9834
304 229 7318
304 267 6053
304 378 1281
304 464 9317
304 489 2226
304 491 8258
305 29 3059
305 107 2954
305 113 6604
305 155 9189
305 197 9249
305 415 8124
305 423 2737
305 490 5718
306 47 3033
306 85 8887
306 299 4937
306 432 9883
307 13 9468
307 171 2057
307 229 3713
307 335 4276
307 378 7412
307 484 7604
308 21 6631
308 335 6212
308 385 6036
308 400 8363
308 401 8596
308 462 6136
308 486 5219
309 87 7753
309 112 7495
309 133 9261
309 151 9197
309 176 8004
309 189 5792
309 328 7328
309 338 9564
310 94 8007
310 115 4766
310 329 9280
310 379 5598
310 426 4942
310 436 4855
310 462 7300
310 476 3249
311 31 7429
311 318 3696
311 333 7202
311 395 9733
311 402 4604
311 406 8369
311 487 8583
311 488 9921
311 497 9282
312 14 9732
312 43 6517
312 118 2509
312 219 5973
312 331 5418
312 468 4102
313 52 3850
313 198 3890
313 342 5645
313 354 8140
314 16 7189
314 54 6138
314 113 8637
314 152 5448
314 209 5210
314 226 5085
314 230 4392
314 288 7002
314 321 9241
314 358 6774
314 364 4348
315 48 3813
315 103 4930
315 302 3696
315 457 8362
315 487 6832
316 27 3436
316 195 7836
316 253 7008
316 381 9517
316 473 6925
317 94 6303
317 212 6796
317 299 1732
317 337 7885
317 340 7478
317 362 6485
317 489 6600
318 11 9040
318 34 6269
318 55 6169
318 138 9954
318 163 4102
318 181 7450
318 311 3696
318 431 7342
319 39 7775
319 43 4692
319 113 9155
319 134 4734
319 246 6493
319 260 9558
319 277 9780
319 327 4282
319 337 7964
319 443 7298
320 145 3293
320 370 8707
320 393 8102
320 458 7717
321 70 2183
321 314 9241
321 337 5490
321 355 3014
321 492 8790
322 20 9949
322 352 7797
322 372 8923
322 409 5523
322 488 2825
323 18 6309
323 53 6750
323 106 7008
323 172 8964
323 262 6959
323 345 7009
323 398 7927
323 411 9139
323 425 9592
324 115 5648
324 129 7300
324 132 8830
324 144 8042
324 145 9744
324 175 9238
324 222 6520
324 361 8402
324 363 2438
324 476 8796
325 2 8327
325 254 4672
325 347 3607
325 457 8556
326 17 3159
326 158 3969
326 257 6000
326 281 6720
326 378 7457
326 411 1314
327 220 6353
327 270 6830
327 290 6588
327 319 4282
327 376 8816
327 407 3960
328 7 6407
328 309 7328
328 333 7629
328 444 3267
329 4 5090
329 16 3697
329 310 9280
329 448 9825
329 475 9919
330 70 8763
330 80 2940
330 96 5792
330 160 6035
330 185 5450
330 194 9789
330 234 9778
330 243 4097
330 252 8974
330 398 7912
331 279 3987
331 292 6288
331 312 5418
331 382 5577
331 384 7765
331 385 9532
332 37 9759
332 224 9559
332 273 5593
332 375 5051
332 463 8528
332 474 7065
332 483 4654
333 67 5536
333 190 7319
333 216 9406
333 264 9671
333 311 7202
333 328 7629
333 434 2438
333 481 7029
334 239 6600
334 348 7229
334 360 8467
334 467 7269
335 88 5965
335 97 5656
335 159 5827
335 307 4276
335 308 6212
335 413 7122
335 481 1556
336 1 8610
336 12 8328
336 52 9848
336 111 6532
336 164 7833
336 168 4518
336 190 2871
336 291 6510
336 364 6934
336 406 8373
336 481 305
337 47 9080
337 271 5275
337 289 8813
337 317 7885
337 319 7964
337 321 5490
337 380 8688
337 415 5600
337 419 3197
338 136 7209
338 176 7035
338 265 5755
338 309 9564
338 489 6618
339 37 4914
339 95 5957
339 265 2259
339 345 8814
340 66 2822
340 104 5613
340 129 9177
340 268 8703
340 317 7478
341 7 4588
341 94 3413
341 111 7486
341 113 6578
341 301 6187
341 344 7380
341 435 7658
341 485 9835
342 15 8490
342 58 5348
342 170 9980
342 313 5645
342 380 6950
343 48 7707
343 72 7100
343 122 9396
343 246 9189
343 354 8975
343 369 8760
343 370 6179
343 416 9771
343 472 9956
344 40 2340
344 53 4222
344 136 1979
344 254 6624
344 341 7380
344 432 4504
345 91 5785
345 166 7882
345 323 7009
345 339 8814
345 358 1449
345 395 7719
345 416 9752
345 438 4511
346 45 6320
346 200 4717
346 245 2263
346 260 7581
346 355 9999
347 57 7360
347 269 5023
347 325 3607
347 452 6825
348 93 3162
348 119 6903
348 260 8637
348 334 7229
349 226 8204
349 425 8362
349 490 8591
350 46 5866
350 152 7953
350 484 6943
350 492 5171
351 148 3052
351 200 4740
351 299 8361
351 390 9224
351 413 3335
351 421 9466
351 463 3766
352 110 4068
352 131 1569
352 151 9588
352 322 7797
353 37 2809
353 42 8716
353 93 7198
353 132 6410
353 156 6534
353 430 7999
353 481 8970
353 489 9704
354 313 8140
354 343 8975
354 355 4486
354 428 5318
354 432 7641
354 496 5610
355 3 4212
355 17 7925
355 182 9989
355 321 3014
355 346 9999
355 354 4486
355 366 1215
355 443 2085
355 495 6518
356 98 9393
356 102 5997
356 144 4803
356 159 6464
356 180 8984
356 185 9232
356 293 3930
356 406 4177
357 89 2670
358 45 8609
358 144 4671
358 145 6300
358 222 9722
358 227 5294
358 235 5212
358 314 6774
358 345 1449
358 430 8146
358 449 8967
359 10 1320
359 155 9641
359 397 5269
359 421 6023
360 15 7268
360 92 9999
360 334 8467
361 123 8154
361 164 5714
361 206 1315
361 324 8402
361 496 4613
362 97 9711
362 129 6348
362 152 6486
362 317 6485
363 35 4533
363 45 8322
363 198 8224
363 202 8075
363 255 9992
363 324 2438
363 389 9955
364 5 3469
364 7 8865
364 21 3457
364 236 6961
364 288 8619
364 314 4348
364 336 6934
364 434 6334
364 485 9588
365 11 9316
365 19 5689
365 242 3192
365 418 9243
365 430 7510
366 48 7202
366 176 3681
366 255 1690
366 286 4786
366 355 1215
367 133 2890
367 232 9965
367 233 9529
367 491 3451
368 43 7857
368 137 7230
368 172 6581
368 208 7879
368 212 4260
368 386 8444
369 123 5789
369 128 9116
369 249 5518
369 343 8760
369 374 2023
369 389 3112
369 423 9831
369 447 9290
370 184 8970
370 214 5201
370 263 7817
370 286 6353
370 320 8707
370 343 6179
370 371 9329
370 465 3785
371 93 5065
371 107 4231
371 174 7532
371 185 3352
371 370 9329
371 465 6030
372 99 3890
372 111 6662
372 227 1985
372 275 5554
372 322 8923
373 22 7059
373 90 3462
373 96 8998
373 112 1463
373 191 5252
373 228 2458
373 248 3717
373 429 9538
373 430 8214
373 468 9261
374 74 8228
374 369 2023
375 108 9875
375 116 9250
375 300 9666
375 332 5051
375 416 6902
376 142 4927
376 144 9427
376 327 8816
376 445 1895
377 34 7781
377 167 1452
377 266 5046
377 278 1838
377 386 6406
377 396 7268
377 480 3044
378 42 2952
378 286 9270
378 304 1281
378 307 7412
378 326 7457
378 498 9562
379 9 524
379 88 8364
379 133 3421
379 160 7009
379 193 8641
379 310 5598
379 422 7502
379 464 3168
379 465 8674
379 491 6050
380 105 8023
380 115 9490
380 276 4930
380 337 8688
380 342 6950
381 51 8696
381 56 4745
381 164 9721
381 230 2992
381 316 9517
381 410 4973
381 480 7081
382 5 5478
382 102 3328
382 197 3755
382 331 5577
383 4 9016
383 139 8597
383 172 8007
383 187 4449
383 288 9366
383 486 7704
384 77 7913
384 100 8697
384 181 6622
384 331 7765
385 154 5072
385 201 3721
385 250 3803
385 308 6036
385 331 9532
385 387 7387
385 415 9024
386 100 7920
386 115 8365
386 159 7164
386 160 6403
386 199 9756
386 234 9498
386 278 5050
386 368 8444
386 377 6406
386 396 5891
387 2 9340
387 43 8328
387 288 6343
387 385 7387
388 11 9155
388 281 4648
388 288 8365
388 301 9613
389 213 6358
389 237 2685
389 296 252
389 363 9955
389 369 3112
389 457 7314
390 20 6806
390 43 8946
390 190 6356
390 280 7907
390 351 9224
390 394 2924
390 437 6316
390 465 6566
391 128 6123
391 175 5651
391 292 1893
391 492 4485
392 148 9015
392 158 9340
392 424 9410
392 431 5051
392 465 1179
392 482 8509
393 20 2471
393 146 2961
393 241 8491
393 287 2333
393 320 8102
393 413 8493
394 136 8245
394 159 9204
394 174 6956
394 196 8840
394 245 4810
394 390 2924
395 93 7811
395 159 3165
395 209 8814
395 311 9733
395 345 7719
395 448 5347
396 50 4626
396 137 3563
396 162 3904
396 377 7268
396 386 5891
396 442 5337
396 478 8909
397 359 5269
397 441 8500
398 130 3122
398 168 4665
398 323 7927
398 330 7912
398 430 8106
398 489 7845
399 72 8020
399 115 4141
399 400 4436
399 471 6661
400 83 7349
400 110 8924
400 287 7897
400 308 8363
400 399 4436
401 41 8350
401 93 5597
401 191 9819
401 241 9842
401 308 8596
401 423 9303
401 452 6106
401 477 7964
402 56 4682
402 106 6963
402 253 4455
402 311 4604
402 485 5467
403 137 6962
403 164 7932
403 203 5876
403 407 8385
404 104 4360
404 108 1987
404 118 6491
404 145 940
404 277 5944
404 406 7905
405 62 3965
405 199 3811
405 282 2801
405 428 5213
405 457 6508
405 484 7427
406 178 6501
406 311 8369
406 336 8373
406 356 4177
406 404 7905
407 34 8229
407 327 3960
407 403 8385
407 482 9753
408 13 7515
408 134 6718
408 147 7263
408 187 9868
408 255 4732
409 12 6042
409 21 4280
409 29 1923
409 72 8888
409 86 8338
409 90 9904
409 322 5523
409 448 3933
409 462 8495
410 38 2424
410 105 6420
410 201 9365
410 302 9113
410 381 4973
410 420 7354
410 437 8513
410 499 9832
411 98 5346
411 142 6886
411 251 7251
411 323 9139
411 326 1314
412 19 9117
412 195 7380
412 224 6476
412 251 8121
412 303 9482
413 23 9772
413 82 6887
413 107 5480
413 274 8781
413 279 8099
413 335 7122
413 351 3335
413 393 8493
414 47 7258
414 63 9804
414 96 8000
414 114 6229
414 188 1417
414 237 7198
414 467 8504
414 472 8375
414 482 6530
415 30 9860
415 67 9892
415 121 6810
415 179 3546
415 251 5172
415 305 8124
415 337 5600
415 385 9024
416 50 7298
416 230 4184
416 343 9771
416 345 9752
416 375 6902
416 496 8745
417 29 4978
417 260 6251
418 195 7104
418 196 9033
418 225 7978
418 365 9243
418 426 6339
418 458 3577
419 104 1627
419 151 7341
419 189 4500
419 205 1897
419 222 3060
419 337 3197
419 475 9513
420 25 5882
420 92 9529
420 131 1134
420 132 5245
420 216 1962
420 410 7354
420 425 8370
420 486 3469
421 26 6072
421 147 2399
421 265 2639
421 351 9466
421 359 6023
421 483 9577
422 29 3297
422 74 2347
422 117 9900
422 379 7502
423 100 5095
423 135 9566
423 138 4706
423 176 3591
423 305 2737
423 369 9831
423 401 9303
424 13 9121
424 30 3181
424 79 9452
424 204 9157
424 392 9410
424 432 4949
425 146 8192
425 289 8766
425 323 9592
425 349 8362
425 420 8370
425 435 7584
425 456 4699
426 92 4306
426 118 9434
426 130 8446
426 187 7431
426 260 6675
426 310 4942
426 418 6339
426 486 5076
427 23 5935
427 62 3400
427 69 5337
427 178 9921
427 448 7937
427 492 2464
428 84 6501
428 119 9852
428 182 9495
428 263 2432
428 279 8899
428 354 5318
428 405 5213
428 447 8516
429 41 9696
429 58 9851
429 94 9572
429 173 1370
429 257 8309
429 373 9538
429 442 6469
429 457 7869
430 45 7985
430 183 9107
430 232 6018
430 249 5770
430 353 7999
430 358 8146
430 365 7510
430 373 8214
430 398 8106
430 457 6795
430 472 9381
431 59 8222
431 83 5136
431 142 7516
431 246 9140
431 318 7342
431 392 5051
432 149 4090
432 150 6058
432 306 9883
432 344 4504
432 354 7641
432 424 4949
432 486 7476
433 14 6452
433 146 4077
433 269 5963
433 453 3808
433 492 8109
434 105 5718
434 333 2438
434 364 6334
434 442 9168
435 78 2357
435 141 6370
435 164 7677
435 172 6414
435 220 2995
435 276 1565
435 303 9087
435 341 7658
435 425 7584
436 84 7974
436 85 2213
436 107 4489
436 296 6800
436 310 4855
436 481 9266
437 7 8307
437 24 9668
437 124 1591
437 233 8779
437 252 6100
437 264 3062
437 390 6316
437 410 8513
438 142 8288
438 244 9835
438 279 7433
438 345 4511
439 30 4312
439 188 1373
439 300 7553
440 72 9775
440 139 4030
440 158 4770
440 198 8011
440 226 6282
440 284 5365
440 459 2725
441 116 7982
441 160 2799
441 173 8858
441 232 3861
441 252 2697
441 277 9802
441 397 8500
441 468 2172
441 495 1667
442 396 5337
442 429 6469
442 434 9168
442 448 7152
443 133 8628
443 319 7298
443 355 2085
443 492 1726
444 10 5278
444 51 4101
444 59 9103
444 80 7236
444 121 9093
444 227 1775
444 243 6253
444 264 9093
444 328 3267
444 457 6432
444 482 9573
445 131 9921
445 135 3412
445 144 726
445 273 5446
445 376 1895
445 473 6693
445 483 4732
446 70 6506
446 110 8553
447 61 6948
447 96 9804
447 116 7635
447 198 3512
447 201 9136
447 277 7367
447 369 9290
447 428 8516
448 40 7477
448 201 4981
448 329 9825
448 395 5347
448 409 3933
448 427 7937
448 442 7152
449 64 5500
449 82 7946
449 138 7995
449 358 8967
450 6 9759
450 20 7703
450 31 4305
450 191 4290
450 463 9849
450 487 6691
450 490 3387
451 106 6553
451 129 8427
451 139 2179
451 158 7881
451 194 6407
451 201 8119
451 298 9598
451 496 9884
452 84 9866
452 250 8175
452 347 6825
452 401 6106
453 171 6998
453 218 7755
453 219 3694
453 245 3955
453 433 3808
453 500 8005
454 111 7378
454 170 5053
454 204 7446
454 226 9594
455 200 1497
455 264 2712
456 43 1705
456 133 9515
456 199 9366
456 231 3284
456 234 2870
456 296 3411
456 425 4699
456 499 8384
457 29 7817
457 150 9070
457 177 7890
457 278 8581
457 315 8362
457 325 8556
457 389 7314
457 405 6508
457 429 7869
457 430 6795
457 444 6432
457 477 9396
458 16 5936
458 31 4305
458 94 8241
458 151 6431
458 154 9619
458 229 8212
458 320 7717
458 418 3577
459 103 9263
459 440 2725
460 19 6652
460 70 4543
460 172 7619
460 217 9777
460 303 7367
461 17 4456
461 20 5379
461 47 5108
461 49 7363
461 54 6533
461 140 4249
461 263 6084
462 11 8661
462 16 9218
462 26 8738
462 308 6136
462 310 7300
462 409 8495
463 22 8837
463 130 8790
463 178 8326
463 332 8528
463 351 3766
463 450 9849
464 45 7123
464 225 9855
464 265 7748
464 304 9317
464 379 3168
465 4 3593
465 24 8452
465 38 7759
465 92 2277
465 141 9478
465 165 8227
465 188 8186
465 370 3785
465 371 6030
465 379 8674
465 390 6566
465 392 1179
466 106 3388
466 288 2164
467 208 9792
467 334 7269
467 414 8504
468 254 8586
468 312 4102
468 373 9261
468 441 2172
469 17 2964
469 139 6660
469 219 8143
469 301 8490
469 497 8026
470 27 7206
470 101 7108
470 193 9473
470 217 5862
470 222 7795
470 268 9998
470 269 9746
470 286 5638
471 224 9741
471 243 9035
471 399 6661
472 95 8114
472 343 9956
472 414 8375
472 430 9381
473 35 6292
473 41 7676
473 250 9705
473 265 9766
473 272 8423
473 293 9062
473 316 6925
473 445 6693
474 104 4782
474 115 2464
474 131 4960
474 224 6234
474 332 7065
474 498 8270
475 71 7395
475 108 5064
475 165 9521
475 244 7590
475 329 9919
475 419 9513
475 487 6068
476 44 5320
476 162 1740
476 276 4400
476 310 3249
476 324 8796
476 500 8073
477 81 3723
477 237 6214
477 271 7479
477 401 7964
477 457 9396
478 71 9992
478 76 5916
478 109 6239
478 119 8533
478 244 3966
478 297 9863
478 396 8909
479 1 8981
479 60 9870
479 78 4030
479 82 8785
479 87 7405
479 100 3399
479 165 3276
479 233 5284
479 263 1952
479 272 6252
479 276 7508
479 288 893
480 72 7811
480 159 4659
480 268 1851
480 377 3044
480 381 7081
480 488 5094
481 95 9064
481 143 6814
481 234 8634
481 333 7029
481 335 1556
481 336 305
481 353 8970
481 436 9266
482 69 6656
482 229 8497
482 293 9573
482 392 8509
482 407 9753
482 414 6530
482 444 9573
483 1 6049
483 164 5529
483 167 379
483 197 6420
483 284 9667
483 332 4654
483 421 9577
483 445 4732
483 485 4266
484 48 4965
484 196 6239
484 223 6639
484 248 2244
484 307 7604
484 350 6943
484 405 7427
485 51 3627
485 185 2960
485 202 7622
485 341 9835
485 364 9588
485 402 5467
485 483 4266
486 35 6610
486 223 6907
486 308 5219
486 383 7704
486 420 3469
486 426 5076
486 432 7476
487 187 8388
487 262 8930
487 270 8466
487 274 9921
487 277 8837
487 311 8583
487 315 6832
487 450 6691
487 475 6068
488 108 9712
488 120 3832
488 198 8001
488 209 9857
488 311 9921
488 322 2825
488 480 5094
489 46 2182
489 50 8567
489 86 6357
489 136 2134
489 150 8861
489 226 6513
489 296 9198
489 304 2226
489 317 6600
489 338 6618
489 353 9704
489 398 7845
490 6 6851
490 20 9775
490 35 7908
490 94 8993
490 95 9371
490 194 3894
490 267 1016
490 305 5718
490 349 8591
490 450 3387
491 170 7767
491 189 9023
491 268 9643
491 304 8258
491 367 3451
491 379 6050
492 18 5997
492 121 9950
492 321 8790
492 350 5171
492 391 4485
492 427 2464
492 433 8109
492 443 1726
493 31 3033
493 198 7303
493 219 9172
493 269 4287
493 279 9178
493 290 5445
494 45 7874
494 242 7765
494 265 1920
495 63 4861
495 68 7581
495 75 7600
495 112 9735
495 215 7180
495 288 9811
495 355 6518
495 441 1667
496 354 5610
496 361 4613
496 416 8745
496 451 9884
497 15 7831
497 81 8498
497 129 7074
497 311 9282
497 469 8026
498 87 7838
498 214 7499
498 293 8440
498 378 9562
498 474 8270
499 35 5220
499 38 3651
499 89 8321
499 130 9055
499 190 7936
499 410 9832
499 456 8384
500 52 2263
500 107 1974
500 453 8005
500 476 8073
