Sender: LSF System <lsfadmin@bc01-n06>
Subject: Job 562511[2]: <makecorr[1-15]> Done

Job <makecorr[1-15]> was submitted from host <bc16-n13> by user <jabloche> in cluster <lucky>.
Job was executed on host(s) <bc01-n06>, in queue <week>, as user <jabloche> in cluster <lucky>.
</afs/isis.unc.edu/home/j/a/jabloche> was used as the home directory.
</netscr/jabloche/FirmNetworks/matlab> was used as the working directory.
Started at Thu Feb 18 08:31:27 2010
Results reported at Thu Feb 18 10:24:31 2010

Your job looked like:

------------------------------------------------------------
# LSBATCH: User input
/afs/isis/pkg/matlab-2009b/matlab -nodisplay -nojvm -nosplash -r create_corr_matrices
------------------------------------------------------------

Successfully completed.

Resource usage summary:

    CPU time   :   8859.35 sec.
    Max Memory :     19317 MB
    Max Swap   :     34736 MB

    Max Processes  :         5
    Max Threads    :        32

The output (if any) follows:

Your home directory for this job is /netscr/jabloche

                            < M A T L A B (R) >
                  Copyright 1984-2009 The MathWorks, Inc.
                Version 7.9.0.529 (R2009b) 64-bit (glnxa64)
                              August 12, 2009

 
  To get started, type one of these: helpwin, helpdesk, or demo.
  For product information, visit www.mathworks.com.
 
Begin Correlation Matrix Creation
Reading file
Data Loaded. Computing Correlation Matrix
  Columns 1 through 7

    1.0000    0.0433    0.2224    0.3756    0.3585    0.0019    0.2357
    0.0433    1.0000   -0.1344    0.0979   -0.0001   -0.0218    0.2811
    0.2224   -0.1344    1.0000   -0.0185    0.3458   -0.0939   -0.0927
    0.3756    0.0979   -0.0185    1.0000    0.0147    0.2219    0.1550
    0.3585   -0.0001    0.3458    0.0147    1.0000   -0.0015    0.2466
    0.0019   -0.0218   -0.0939    0.2219   -0.0015    1.0000    0.0616
    0.2357    0.2811   -0.0927    0.1550    0.2466    0.0616    1.0000
    0.0531    0.1120   -0.0166    0.2803    0.0673    0.2118    0.0583
    0.3114   -0.0002   -0.0071    0.2038   -0.0007   -0.1312    0.1473
    0.1938   -0.0381   -0.0673    0.2329   -0.0002   -0.0132    0.0786

  Columns 8 through 10

    0.0531    0.3114    0.1938
    0.1120   -0.0002   -0.0381
   -0.0166   -0.0071   -0.0673
    0.2803    0.2038    0.2329
    0.0673   -0.0007   -0.0002
    0.2118   -0.1312   -0.0132
    0.0583    0.1473    0.0786
    1.0000   -0.0446    0.0633
   -0.0446    1.0000   -0.0673
    0.0633   -0.0673    1.0000

saving normalized correlation matrix
computing % negative and density
Time Elapsed is 1 hour, 53 minutes.
>> 