Sender: LSF System <lsfadmin@bc02-n01>
Subject: Job 562511[7]: <makecorr[1-15]> Done

Job <makecorr[1-15]> was submitted from host <bc16-n13> by user <jabloche> in cluster <lucky>.
Job was executed on host(s) <bc02-n01>, in queue <week>, as user <jabloche> in cluster <lucky>.
</afs/isis.unc.edu/home/j/a/jabloche> was used as the home directory.
</netscr/jabloche/FirmNetworks/matlab> was used as the working directory.
Started at Thu Feb 18 08:31:27 2010
Results reported at Thu Feb 18 10:28:14 2010

Your job looked like:

------------------------------------------------------------
# LSBATCH: User input
/afs/isis/pkg/matlab-2009b/matlab -nodisplay -nojvm -nosplash -r create_corr_matrices
------------------------------------------------------------

Successfully completed.

Resource usage summary:

    CPU time   :   8963.24 sec.
    Max Memory :     19361 MB
    Max Swap   :     26150 MB

    Max Processes  :         5
    Max Threads    :        32

The output (if any) follows:

Your home directory for this job is /netscr/jabloche

                            < M A T L A B (R) >
                  Copyright 1984-2009 The MathWorks, Inc.
                Version 7.9.0.529 (R2009b) 64-bit (glnxa64)
                              August 12, 2009

 
  To get started, type one of these: helpwin, helpdesk, or demo.
  For product information, visit www.mathworks.com.
 
Begin Correlation Matrix Creation
Reading file
Data Loaded. Computing Correlation Matrix
  Columns 1 through 7

    1.0000    0.1168   -0.1122    0.3144   -0.0149    0.3302    0.1368
    0.1168    1.0000   -0.1043    0.2379    0.1478    0.0910    0.1373
   -0.1122   -0.1043    1.0000    0.0879    0.0065   -0.0974    0.2387
    0.3144    0.2379    0.0879    1.0000    0.0963    0.2758    0.1595
   -0.0149    0.1478    0.0065    0.0963    1.0000    0.0629    0.1167
    0.3302    0.0910   -0.0974    0.2758    0.0629    1.0000    0.2449
    0.1368    0.1373    0.2387    0.1595    0.1167    0.2449    1.0000
    0.1988    0.0852    0.1839    0.3218    0.1239    0.0994    0.3861
    0.0800   -0.0587   -0.0487   -0.0119   -0.3270    0.1854    0.0083
    0.0420    0.2576    0.1178    0.2573    0.0085    0.1717    0.1125

  Columns 8 through 10

    0.1988    0.0800    0.0420
    0.0852   -0.0587    0.2576
    0.1839   -0.0487    0.1178
    0.3218   -0.0119    0.2573
    0.1239   -0.3270    0.0085
    0.0994    0.1854    0.1717
    0.3861    0.0083    0.1125
    1.0000   -0.1366    0.2662
   -0.1366    1.0000   -0.0685
    0.2662   -0.0685    1.0000

saving normalized correlation matrix
computing % negative and density
Time Elapsed is 1 hour, 56 minutes, 40 seconds.
>> 